55
ORIGINS
2
2S
13N
13S
12
11
10
9
8
52
7
5
6
14
4E
3E
3W
46
45
4W
48
47
49
50
51
b
R
b
b
H
b
b
b
b
b
b
b
1
4
7
S
1
M
8
5
2
3
6
9
B
2
3
EG
DESTINATIONS
223
0 1 -1
0 17 -1
0 16 -1
0 2 -1
0 3 -1
0 4 -1
4 5 44
5 4 44
0 5 -1
0 10 -1
0 27 -1
5 7 40
7 5 40
5 6 48
6 5 48
6 7 30
7 6 30
7 8 40
8 7 40
8 9 44
9 8 44
9 10 16
10 9 16
3 4 24
4 3 24
7 14 30
14 7 30
7 13 34
13 7 34
7 11 10
11 7 10
2 3 24
3 2 24
2 14 30
14 2 30
2 13 24
13 2 24
3 14 38
14 3 38
13 14 24
14 13 24
7 9 10
9 7 10
1 2 10
2 1 10
2 16 6
16 2 6
13 15 16
15 13 16
2 15 30
15 2 30
15 16 4
16 15 4
16 17 6
17 16 6
9 11 50
11 9 50
11 13 34
13 11 34
11 12 38
12 11 38
12 13 52
13 12 52
6 8 28
8 6 28
10 11 4
11 10 4
1 17 26
17 1 26
1 19 6
19 1 6
18 19 8
19 18 8
1 18 12
18 1 12
17 18 2
18 17 2
12 20 4
20 12 4
15 20 54
20 15 54
17 20 34
20 17 34
18 20 24
20 18 24
10 28 28
28 10 28
28 27 14
27 28 14
10 25 2
25 10 2
27 26 8
26 27 8
26 25 8
25 26 8
11 25 28
25 11 28
11 24 34
24 11 34
12 23 12
23 12 12
20 23 30
23 20 30
20 21 30
21 20 30
18 22 20
22 18 20
22 21 32
21 22 32
21 23 22
23 21 22
23 24 17
24 23 17
24 25 28
25 24 28
25 29 12
29 25 12
29 30 5
30 29 5
28 30 19
30 28 19
22 37 39
37 22 39
37 38 36
38 37 36
21 36 34
36 31 34
36 38 32
38 36 32
23 35 2
35 23 2
35 38 2
38 35 2
23 34 65
34 23 65
34 39 36
39 34 36
24 33 17
33 24 17
33 39 17
39 33 17
25 32 42
32 25 42
32 40 29
40 32 29
25 31 22
31 25 22
31 41 10
41 31 10
30 41 20
41 30 20
41 40 6
40 41 6
40 39 20
39 40 20
39 38 33
38 39 33
30 42 16
42 30 16
41 43 24
43 41 24
40 44 24
44 40 24
39 44 16
44 39 16
39 45 36
45 39 36
39 46 17
46 39 17
38 46 30
46 38 30
42 43 13
43 42 13
43 44 27
44 43 27
44 45 37
45 44 37
45 46 20
46 45 20
44 49 53
49 44 53
45 49 25
49 45 25
45 48 60
48 45 60
46 48 29
48 46 29
46 47 23
47 46 23
47 48 16
48 47 16
48 49 19
49 48 19
49 43 3
43 49 3
47 53 16
53 47 16
48 53 49
53 48 49
49 53 32
53 49 32
49 50 10
50 49 10
43 50 23
50 43 23
50 42 10
42 50 10
42 52 10
52 42 10
42 51 14
51 42 14
52 51 8
51 52 8
51 50 2
50 51 2
50 53 19
53 50 19
47 54 -1
48 54 -1
49 54 -1
50 54 -1
51 54 -1
52 54 -1
